*************** Registros *********************
Total Registros: 15592
Total Alterados: 14367
Total ALterados para Inativos: 245
Total P/ Analise: 980

3000151837
3000128806
3000208581
3000108914
3000110216
3000108915
3000108924
3000108927
3000045227
3000142946
3000128806
3000109367
3000112742
3000108962
3000111520
3000119825
3000208602
3000108124
3000108961
3000109369
3000109399
3000110862
3000091081
3000091135
3000118542
3000109160
3000109162
3000108991
3000109766
3000108990
3000109000
3000109010
3000110223
3000110925
3000056474
3000109029
3000109214
3000110547
3000091627
3000109009
3000109013
3000109053
2000010644
3000112327
3000109336
3000109344
3000208574
3000108926
3000109057
3000112298
3000112890
3000118543
3000208597
3000109246
3000109154
3000109738
3000110572
3000110579
3000110545
3000112428
3000112429
3000119459
3000109202
3000109222
3000109244
3000110568
3000110575
3000109249
3000109370
3000058652
3000092133
3000108957
3000109112
3000108978
3000112268
3000119455
3000109166
3000112465
3000112756
3000059709
3000059717
3000109110
3000109158
3000109752
3000109168
3000109006
3000109199
3000112321
3000109215
3000110598
3000111984
3000112011
3000112496
3000112507
3000112514
3000090547
3000109236
3000208576
3000208578
3000118836
3000109337
3000109335
3000109360
3000109253
3000111970
3000112531
3000112561
3000059233
3000090557
3000090673
3000058133
3000109348
3000056879
3000059286
3000109372
3000112577
3000112527
3000112534
3000057392
3000108993
3000057164
3000111508
3000112553
3000112621
3000112622
3000119059
3000119068
3000108908
3000109408
3000109424
3000110214
3000110865
3000112709
3000056923
3000092459
3000117662
3000091115
3000091112
3000090647
3000057877
3000109125
3000091675
3000098226
3000108967
3000108989
3000112586
3000112596
3000112601
3000116796
3000098217
3000101155
3000109207
3000110544
3000059707
3000109415
3000109333
3000112570
3000112578
3000112587
3000118546
3000108903
3000108912
3000109433
3000110207
3000110210
3000112410
3000112013
3000112470
3000109217
3000109229
3000109237
3000110566
3000112598
3000112623
3000117669
3000151455
3000119644
3000101281
3000101198
3000101223
3000090357
3000090560
3000090574
3000090663
3000098940
3000098943
3000101827
3000108923
3000108947
3000108958
3000112435
3000112460
3000118288
3000119073
3000112307
3000117211
3000118158
3000109109
3000109252
3000109263
3000109742
3000110533
3000112628
3000118536
3000098963
3000098988
3000100854
3000104058
3000108963
3000108971
3000108983
3000110208
3000110212
3000101229
3000101259
3000101267
3000109201
3000110586
3000110590
3000111514
3000119412
3000090413
3000090417
3000090374
3000091039
3000091134
3000112466
3000112418
3000116582
3000118162
3000091589
3000101285
3000090375
3000090414
3000090678
3000090694
3000091084
3000090577
3000091444
3000101454
3000101339
3000109228
3000111502
3000111503
3000111518
3000117811
3000057403
3000059715
3000116344
3000116353
3000109354
3000109368
3000109376
3000112714
3000112412
3000118278
3000118302
3000119837
3000091607
3000091618
3000098761
3000101862
3000098619
3000098580
3000101477
3000112267
3000112275
3000117210
3000117222
3000111958
3000111966
3000112458
3000057157
3000058114
3000059225
3000059231
3000059239
3000098693
3000098706
3000091632
3000056907
3000101479
3000101534
3000112310
3000112258
3000112419
3000112438
3000116329
3000119076
3000119834
3000059243
3000059284
3000098732
3000098705
3000101804
3000109352
3000109356
3000110863
3000112276
3000109003
3000109008
3000109035
3000110219
3000110225
3000111961
3000112432
3000112528
3000112467
3000116594
3000119827
3000119833
3000091086
3000091136
3000058602
3000112892
3000108901
3000109019
3000108942
3000112704
3000098086
3000109056
3000108952
3000112506
3000112584
3000058076
3000059292
3000090554
3000090386
3000117810
3000117819
3000090365
3000091617
3000091651
3000092460
3000091107
3000042015
3000041771
3000041643
3000042379
3000042100
3000091639
3000041660
3000041734
3000041737
3000042047
3000041645
3000042080
3000042285
3000042287
3000042410
3000112609
3000112625
3000116578
3000119413
3000090562
3000090422
3000056881
3000056902
3000041766
3000042067
3000041721
3000090537
3000091431
3000091601
3000041855
3000041760
3000042041
3000041764
3000041900
3000042252
3000042035
3000042522
3000041913
3000042078
3000042272
3000041895
3000090564
3000090569
3000090689
3000091457
3000091447
3000091595
3000056889
3000057884
3000041725
3000041741
3000042298
3000042315
3000041915
3000042404
3000090681
3000091630
3000091670
3000041767
3000041870
3000041762
3000041929
3000056910
3000041918
3000042384
3000042395
3000042407
3000041971
3000041850
3000041980
3000041921
3000042055
3000042075
3000041939
3000041655
3000042385
3000041873
3000042277
3000042288
3000041926
3000041661
3000041664
3000041881
3000041893
3000042290
3000042309
3000116335
3000118295
3000111505
3000111524
3000112508
3000112518
3000112529
3000116342
3000112539
3000112564
3000112566
3000117680
3000090370
3000101798
3000057194
3000057140
3000058109
3000101864
3000116588
3000058620
3000098966
3000098933
3000099002
3000059681
3000059722
3000118826
3000119404
3000208600
3000099020
3000116800
3000119465
3000098206
3000098214
3000101194
3000208580
2000001884
3000101235
3000208575
3000099032
3000101065
3000098082
3000056899
3000059266
3000101822
3000101873
3000056878
3000057858
3000056941
3000059237
3000059274
3000057170
3000059280
3000116364
3000057162
3000058084
3000059675
3000057829
3000091438
3000090533
3000090555
3000091784
3000092458
3000059682
3000091620
3000090572
3000090676
3000091435
3000049761
3000091452
3000091665
3000091441
3000112713
3000119460
3000090570
3000112740
3000092455
3000091610
3000057451
3000058625
3000100122
3000101256
3000101294
3000059226
3000059267
3000064371
3000091634
3000091661
3000049896
3000057418
3000091586
3000091590
3000091684
3000057895
3000090380
3000090358
3000090419
3000057394
3000057134
3000057142
3000057171
3000090390
3000058117
3000041979
3000042846
3000042838
3000041993
3000058116
3000042009
3000042034
3000042037
3000042039
3000042043
3000041770
3000042528
3000042662
3000042957
3000042070
3000042076
3000042246
3000042260
3000041650
3000041847
3000041860
3000042293
3000042314
3000041662
3000057388
3000041863
3000041857
3000042062
3000042064
3000041908
3000041919
3000041742
3000041761
3000041768
3000058612
3000041875
3000041906
3000041923
3000041727
3000041777
3000042241
3000042255
3000041954
3000042399
3000042409
3000042007
3000042042
3000042303
3000058616
3000057840
3000057885
3000110535
3000110559
3000109114
3000109745
3000090360
3000100902
3000101234
3000101812
3000101843
3000091699
3000109266
3000110558
3000110581
3000111512
3000112560
3000112575
3000112585
3000116596
3000110583
3000112021
3000112287
3000112615
3000112571
3000112627
3000112896
3000109197
3000109203
3000100484
3000101414
3000101874
3000104052
3000112590
3000112606
3000112618
3000117812
3000118847
3000116803
3000098930
3000101293
3000109769
3000110543
3000111983
3000111980
3000112256
3000112318
3000112271
3000112600
3000112610
3000112612
3000109232
3000109353
3000109366
3000111515
3000111538
3000108933
3000117813
3000110537
3000110563
3000111516
3000112309
3000112629
3000112588
3000112898
3000116339
3000116590
3000117815
3000100866
3000101348
3000101478
3000108969
3000109256
3000111521
3000111544
3000112595
3000112613
3000109267
3000109396
3000111542
3000112705
3000098952
3000099025
3000098763
3000108954
3000109226
3000109085
3000101494
3000102056
3000103032
3000108998
3000108902
3000090420
3000090549
3000090391
3000098968
3000098991
3000099016
3000090575
3000092331
3000109090
3000109139
3000098729
3000100936
3000109017
3000109026
3000108911
3000108916
3000108937
3000112753
3000109371
3000090654
3000108904
3000108922
3000108995
3000109039
3000109428
3000110206
3000110920
3000092119
3000109773
3000111962
3000111972
3000098947
3000098992
3000110229
3000110921
3000098987
3000098994
3000099004
3000098598
3000098615
3000112253
3000112463
3000112459
3000112536
3000112744
3000112755
3000117809
3000119652
3000098187
3000098194
3000098581
3000098587
3000098599
3000101167
3000101193
3000101795
3000101797
3000109129
3000109771
3000111506
3000111517
3000117223
3000119640
3000119646
3000098989
3000117228
3000119819
3000098218
3000098716
3000101197
3000101228
3000101826
3000101309
3000101233
3000101241
3000116092
3000091626
3000091680
3000109208
3000109212
3000110589
3000111536
3000116332
3000118157
3000119826
3000119832
3000101216
3000112272
3000112550
3000112555
3000098203
3000098731
3000098699
3000101232
3000101255
3000101865
3000109225
3000109238
3000109247
3000101275
3000101282
3000117216
3000118163
3000112565
3000112573
3000112515
3000112897
3000117208
3000117212
3000117217
3000117218
3000118148
3000111507
3000111534
3000112494
3000098748
3000098723
3000101472
3000101483
3000119831
3000101143
3000116097
3000118159
3000101251
3000101279
3000109261
3000111977
3000112505
3000112530
3000119064
3000119836
3000101175
3000101203
3000101349
3000091137
3000098596
3000101283
3000101190
3000208585
3000208599
3000112545
3000112501
3000112567
3000118270
3000091092
3000098606
3000101570
3000119069
3000098755
3000100855
3000101336
3000101213
3000101353
3000109334
3000109339
3000112582
3000112594
3000112546
3000101352
3000208601
3000117992
3000119454
3000112524
3000112593
3000112537
3000117219
3000099009
3000099017
3000100487
3000102740
3000108950
3000108960
3000108973
3000117237
3000117232
3000117672
3000117675
3000118149
3000098550
3000101070
3000101471
3000109255
3000101492
3000109005
3000109750
3000112252
3000118828
3000119637
3000109221
3000109235
3000109357
3000118533
3000119410
3000091682
3000098561
3000098585
3000101484
3000109025
3000109210
3000112320
3000118152
3000119409
3000091458
3000119645
3000098563
3000116609
3000109231
3000109097
3000109251
3000110591
3000112304
3000118155
3000119638
3000109209
3000111511
3000112616
3000117673
3000118161
3000119466
3000112703
3000119062
3000119469
3000112417
3000116347
3000116794
2000009039
2000010755
3000091133
3000109040
3000109350
3000059279
3000098700
3000101846
3000101879
3000101881
3000056875
3000098727
3000098734
3000098739
3000100106
3000100901
3000101818
3000101852
3000054474
3000057181
3000057187
3000098116
3000098191
3000101209
3000101239
3000059285
3000109338
3000109346
3000098926
3000098931
3000101880
3000102016
3000101270
3000101161
3000101337
3000108907
3000112747
3000116802
3000057889
3000098942
3000098956
3000057182
3000058126
3000101344
3000101359
3000109363
3000109379
3000112468
3000112401
3000112754
3000112757
3000101248
3000099008
3000099060
3000101276
3000101296
3000108905
3000109044
3000109429
3000112413
3000112503
3000112708
3000112710
3000059718
3000102020
3000112512
3000112520
3000112523
3000116585
3000101486
3000109093
3000108985
3000108999
3000098960
3000102542
3000109014
3000109054
3000109233
3000057409
3000058655
3000109108
3000109248
3000057411
3000098557
3000101811
2000007623
2000008018
2000009305
3000112755
3000112754
3000112753
