*************** Registros *********************
Total Registros: 20161
Total Alterados: 17606
Total ALterados para Inativos: 1132
Total P/ Analise: 1423

3000042528
3000046228
3000042411
3000042278
3000042407
3000058135
3000058109
3000056887
3000059288
3000056919
3000058609
3000059233
3000057181
3000057171
3000057890
3000057852
3000045649
3000045669
3000045656
3000042379
3000041743
3000059226
3000059241
3000058662
3000042046
3000042060
3000059268
3000042229
3000059264
3000042304
3000042069
3000042297
3000042388
3000056876
3000042284
3000059276
3000042405
3000057846
3000045803
3000041993
3000059723
3000057856
3000059277
3000058074
3000059713
3000058119
3000058126
3000059671
3000148411
3000058659
3000058666
3000059273
3000042077
2000010558
3000058604
3000058621
3000058655
3000057176
3000058082
3000057395
3000057416
3000058653
3000058121
3000059231
3000059244
3000056897
3000056875
3000059708
3000059682
3000056881
3000057452
3000056882
3000056886
3000057873
2000010644
3000057888
3000056922
3000056927
3000057838
3000090547
3000087298
3000058616
3000058122
3000059715
3000057166
3000059222
3000058623
3000058607
3000056899
3000057178
3000059274
3000058073
3000059227
3000090418
3000098191
3000098225
3000090685
3000090703
3000047001
3000101847
3000101853
3000116579
3000118157
3000119826
3000119833
3000109119
3000101889
3000109097
3000110584
3000090530
3000090556
3000098561
3000098587
3000109025
3000109048
3000109732
3000045665
3000042255
3000041891
3000117237
3000117227
3000119057
3000108993
3000108972
3000102048
3000109361
3000109394
3000109373
3000099048
3000101151
3000102052
3000102057
3000110544
3000090675
3000098705
3000119651
3000109034
3000098185
3000098207
3000098217
3000098069
3000098074
3000098107
3000098112
3000098125
3000098068
3000098599
3000098625
3000042074
3000098939
3000098999
3000098971
3000099134
3000101195
3000101202
3000101284
3000101190
3000101229
3000101886
3000098612
3000098725
3000042389
3000045802
3000099008
3000099039
3000101272
3000099028
3000101179
3000098092
3000101193
3000101332
3000042283
3000045804
3000101233
3000101477
3000101277
3000101276
3000104059
3000098551
3000098586
3000101611
3000101349
3000098630
3000098704
3000100901
3000098592
3000098576
3000098591
3000101269
3000041969
3000098748
3000101478
3000102056
3000101501
3000102030
3000101069
3000101244
3000119403
3000042100
3000102063
3000109055
3000108919
3000109353
3000109408
3000108967
3000109376
3000109392
3000108965
3000109252
3000109253
3000109185
3000109729
3000109341
3000109011
3000109755
3000118828
3000117239
3000118161
3000109124
3000108984
3000108926
3000109357
3000109221
3000108124
3000109201
3000108934
3000109744
3000112895
3000116798
3000118833
3000118838
3000099021
3000099024
3000101831
3000109138
3000109212
3000118546
3000109204
3000100855
3000108983
3000109137
3000109007
3000119063
3000101191
3000101300
3000110207
3000101257
3000101183
3000109731
3000108995
3000109260
3000109395
3000109244
3000109745
3000101839
3000121369
3000091097
3000101231
3000099147
3000101461
3000101499
3000101176
3000101241
3000098109
3000101283
3000110533
3000110227
3000091129
3000091076
3000101328
3000101616
3000101562
3000109005
3000092459
3000119411
3000110212
3000109771
3000102051
3000119067
3000119820
3000110572
3000101870
3000091079
3000109020
3000108956
3000115919
3000110871
3000116339
3000116596
3000101178
3000102037
3000091650
3000091655
3000109082
3000110589
3000110598
3000098763
3000098953
3000109122
3000109131
3000091086
3000116802
3000118313
3000117668
3000117678
3000119637
3000119649
3000108104
3000092462
3000101827
3000090534
3000091696
3000101253
3000101816
3000091643
3000091608
3000102235
3000119406
3000101823
3000109232
3000099001
3000101205
3000101512
3000102029
3000116096
3000119058
3000119076
3000116109
3000116101
3000118545
3000119077
3000098974
3000098980
3000104051
3000098935
3000099046
3000090575
3000090536
3000090569
3000101866
3000101842
3000091684
3000091688
3000119462
3000090658
3000041722
3000042382
3000045644
3000116097
3000117210
3000119827
3000119828
3000116104
3000116585
3000116601
3000117211
3000117235
3000117821
3000117811
3000092461
3000091585
3000091624
3000090406
3000090416
3000090402
3000091669
3000091652
3000090445
3000090545
3000090557
3000090537
3000091804
3000091807
3000090657
3000090673
3000090697
3000090677
3000090705
3000091040
3000092121
3000091104
3000091122
3000090691
3000091121
3000091043
3000091617
3000090415
3000090420
3000091657
3000091642
3000091680
3000090456
3000090524
3000091677
3000091699
3000090542
3000090572
3000090525
3000090564
3000090660
3000091429
3000092464
3000091595
3000091661
3000091634
3000091651
3000208584
3000208583
3000208582
3000208575
3000208578
3000208588
3000208598
3000208602
3000208599
3000208574
3000208581
3000208586
3000208597
3000208585
3000208576
3000101171
3000109130
3000109038
3000108915
3000109197
3000101821
3000101497
3000109225
3000101502
3000108901
3000116355
3000117238
3000109251
3000109041
3000117206
3000110547
3000119457
3000119455
3000090389
3000090372
3000090356
3000090381
3000098199
3000098203
3000098192
3000100487
3000102541
3000108931
3000109346
3000108958
3000109109
3000098193
3000109046
3000109364
3000042045
3000042286
3000042846
3000108922
3000109255
3000109096
3000109773
3000109088
3000109738
3000109433
3000110551
3000118841
3000109426
3000109342
3000118537
3000090361
3000090428
3000041747
3000108930
3000109029
3000119053
3000109257
3000109013
3000099018
3000099061
3000099009
3000119072
3000109093
3000108985
3000046784
3000101166
3000119062
3000108932
3000109209
3000110221
3000110223
3000109019
3000091126
3000208577
3000111565
3000112898
3000112897
3000116095
3000109343
3000109163
3000119465
3000119469
3000108938
3000208601
3000112321
3000112558
3000112569
3000112575
3000112542
3000112579
3000112593
3000110591
3000108910
3000111969
3000091111
3000112409
3000111499
3000111504
3000112608
3000112613
3000112623
3000111505
3000112607
3000112590
3000112621
3000116111
3000116582
3000116599
3000117620
3000109366
3000118845
3000109003
3000109223
3000041972
3000046785
3000111986
3000111982
3000111515
3000112416
3000111546
3000112585
3000112591
3000112600
3000111526
3000112247
3000112262
3000112628
3000112604
3000116609
3000109101
3000109246
3000109396
3000109262
3000109118
3000117230
3000119470
3000120439
3000108941
3000110225
3000116576
3000109199
3000109233
3000112017
3000092458
3000111564
3000112398
3000112402
3000112441
3000110540
3000112280
3000112288
3000112631
3000112633
3000108946
3000109085
3000117664
3000109121
3000118830
3000119458
3000109051
3000090375
3000090393
3000090408
3000208580
3000115915
3000116335
3000118164
3000116347
2000010755
2000009039
3000117669
3000118532
3000118835
3000115921
3000117675
3000118147
3000118148
3000119404
3000115913
3000116332
3000109368
3000111954
3000111963
3000117218
3000117214
3000117670
3000117989
3000118158
3000118284
3000117679
3000118276
3000119471
3000101087
3000101116
3000101203
3000112411
3000112437
3000112424
3000110559
3000112624
3000112625
3000112254
3000112266
3000112310
3000119464
3000108903
3000109123
3000119819
3000109227
3000101339
3000109139
3000109205
3000109086
3000101290
3000090411
3000117220
3000091646
3000091662
3000112281
3000112299
3000112255
3000112260
3000112275
3000112627
3000109234
3000109243
3000116351
3000117671
3000108981
3000108917
3000117233
3000109016
3000110537
3000110204
3000110587
3000110924
3000111566
3000110563
3000110577
3000112457
3000117673
3000117666
3000119405
3000101800
3000116092
3000116093
3000118270
3000119460
3000104058
3000117674
3000117663
3000118160
3000116107
3000116592
3000118274
3000100922
3000109167
3000112410
3000112427
3000112453
3000109112
3000108969
3000115920
3000108925
3000116098
3000116103
3000117226
3000117824
3000109218
3000109169
3000110920
3000110925
3000110585
3000110868
3000112021
3000112448
3000112458
3000112501
3000112891
3000101161
3000101264
3000108909
3000111501
3000112010
3000112013
3000112442
3000109429
3000101814
3000102032
3000118272
3000119456
3000118293
3000118288
3000116232
3000118295
3000098090
3000119642
3000119646
3000117209
3000109026
3000109004
3000109403
3000108960
3000117232
3000117812
3000110579
3000110575
3000110561
3000111534
3000112497
3000112526
3000109229
3000109254
3000109406
3000118530
3000116603
3000110581
3000109083
3000091438
3000109080
3000111502
3000111517
3000108990
3000108991
3000109042
3000117213
3000117809
3000119070
3000119645
3000102542
3000109079
3000109036
3000108988
3000109033
3000109413
3000109367
3000109764
3000110586
3000112248
3000110594
3000111964
3000112503
3000108904
3000108913
3000098690
3000101319
3000102020
3000108937
3000111521
3000111520
3000111528
3000111960
3000112467
3000112468
3000109428
3000108927
3000108918
3000109236
3000116803
3000119821
3000119825
3000112431
3000112440
3000112445
3000110595
3000112629
3000112268
3000112279
3000112287
3000112746
3000112756
3000118146
3000118150
3000109102
3000117234
3000117228
3000117236
3000117823
3000118531
3000108940
3000109133
3000109398
3000108954
3000117814
3000119461
3000119408
3000119650
3000119075
3000119060
3000112270
3000112504
3000112518
3000112554
3000098697
3000101189
3000101302
3000109217
3000109160
3000110582
3000112267
3000112274
3000112510
3000112507
3000112499
3000112744
3000111970
3000112428
3000112429
3000112404
3000117215
3000117813
3000109208
3000118304
3000119071
3000119638
3000123924
3000111508
3000111503
3000112020
3000109348
3000112456
3000112459
3000112447
3000112494
3000112707
3000112713
3000112307
3000112309
3000112745
3000116349
3000119073
3000116362
3000108989
3000109117
3000109210
3000108902
3000109248
3000109134
3000090436
3000090526
3000091670
3000110863
3000111953
3000112285
3000112251
3000108907
3000108906
3000109110
3000112710
3000112717
3000112714
3000109238
3000112893
3000109057
3000117667
3000117665
3000118301
3000109335
3000119636
3000108963
3000111530
3000091610
3000091630
3000091600
3000115918
3000117619
3000119832
3000118836
3000119639
3000119641
3000119837
3000111510
3000111531
3000111977
3000112421
3000116329
3000116342
3000117815
3000118534
3000109359
3000109230
3000109056
3000109090
3000109742
3000109202
3000109215
3000119413
3000110553
3000110593
3000112435
3000112451
3000112630
3000112603
3000112614
3000111519
3000112302
3000112305
3000112301
3000112705
3000112743
3000100120
3000112246
3000112304
3000112719
3000112704
3000109012
3000109362
3000110543
3000116578
3000111500
3000090523
3000090549
3000111956
3000111975
3000112256
3000112291
3000112300
3000112530
3000112498
3000112721
3000112723
3000110922
3000112011
3000112418
3000112460
3000109018
3000109120
3000119824
3000108916
3000110926
3000111965
3000112295
3000112245
3000112525
3000112535
3000112540
3000098957
3000098995
3000099002
3000101494
3000101472
3000109161
3000109365
3000109334
3000112527
3000112544
3000112524
3000110214
3000109008
3000108979
3000109089
3000109375
3000110206
3000118847
3000111524
3000111543
3000112461
3000112471
3000112319
3000112276
3000112327
3000112748
3000112720
3000109774
3000098118
3000109009
3000109235
3000109108
3000109206
3000108943
3000108987
3000111523
3000111529
3000090664
3000112259
3000112308
3000112273
3000112529
3000112509
3000112539
3000112742
3000111957
3000112434
3000112449
3000112452
3000116357
3000116360
3000116590
3000117217
3000118280
3000119463
3000119652
3000110558
3000112265
3000112315
3000112282
3000112548
3000112586
3000112592
3000109241
3000109081
3000109339
3000109340
3000112258
3000112271
3000112318
3000112706
3000112753
3000109031
3000116588
3000109084
3000119055
3000117212
3000117240
3000109024
3000118540
3000109759
3000112565
3000112541
3000112581
3000109345
3000110233
3000109010
3000109431
3000109415
3000116605
3000117219
3000117662
3000117661
3000117676
3000118282
3000118538
3000112515
3000109360
3000112313
3000112314
3000098075
3000112320
3000112323
3000112326
3000112752
3000109050
3000109128
3000109245
3000109001
3000090647
3000090668
3000112272
3000112316
3000112325
3000108978
3000108961
3000112523
3000112560
3000112532
3000112754
3000112758
3000112465
3000112454
3000115580
3000109224
3000109196
3000119410
3000112303
3000110568
3000111498
3000112606
3000112622
3000112626
3000102027
3000109027
3000109351
3000109354
3000112552
3000112566
3000112602
3000109370
3000109369
3000109767
3000109344
3000110592
3000116102
3000116800
3000117810
3000118286
3000108920
3000119068
3000119078
3000108986
3000108928
3000109219
3000108997
3000109106
3000109111
3000109023
3000109103
3000108950
3000112514
3000112531
3000112536
3000109372
3000112708
3000108966
3000109032
3000111958
3000112283
3000112286
3000112550
3000112570
3000112543
3000112755
3000115914
3000118156
3000110921
3000121371
3000112401
3000112551
3000112571
3000112577
3000111522
3000112599
3000112618
3000112317
3000112741
3000108996
3000108911
3000098226
3000112306
3000112311
3000112892
3000109242
3000109261
3000109723
3000110566
3000109761
3000109107
3000112496
3000112513
3000112519
3000108999
3000108992
3000109006
3000112567
3000112578
3000112598
3000109748
3000115922
3000117231
3000118155
3000117817
3000109043
3000108998
3000109113
3000108962
3000110864
3000110231
3000110583
3000111511
3000109336
3000110865
3000110869
3000112420
3000112426
3000112749
3000112750
3000112899
3000109350
3000109136
3000109037
3000111513
3000109207
3000109040
3000109249
3000111983
3000111984
3000112545
3000112582
3000112588
3000111518
3000112505
3000112521
3000112522
3000116594
3000109393
3000119414
3000112263
3000112466
3000112506
3000112508
3000111952
3000112400
3000112412
3000112890
3000112894
3000112015
3000112417
3000112415
3000112576
3000112557
3000112559
3000111533
3000111544
3000112703
3000112709
3000109200
3000112632
3000112616
3000112615
3000112406
3000109049
3000109220
3000117216
3000117224
3000109091
3000117820
3000118154
3000118153
3000118298
3000118302
3000108939
3000108973
3000110208
3000110210
3000109267
3000109156
3000091041
3000092119
3000112019
3000112399
3000111509
3000116344
3000119640
3000119647
3000109347
3000109114
3000109157
3000109240
3000091636
3000118296
3000119064
3000119823
3000119836
3000119822
3000112432
3000112414
3000112438
3000112561
3000112574
3000112594
3000109399
3000109363
3000110590
3000111540
3000109401
3000112436
3000112443
3000112464
3000112900
3000112901
3000112430
3000112902
3000109168
3000108942
3000111527
3000112583
3000112564
3000112595
3000111542
3000112533
3000112534
3000112580
3000116611
3000109222
3000109164
3000108933
3000059279
3000112755
3000112754
3000112753
3000058601
3000090422
3000091658
3000098724
3000100877
3000101460
3000101888
3000101198
3000102043
3000057844
3000058598
3000058656
3000090554
3000090559
3000101818
3000101857
3000058657
3000092133
3000098730
3000098743
3000101213
3000090655
3000090573
3000101082
3000101159
3000098754
3000098760
3000100121
3000101265
3000101834
3000057409
3000057870
3000057886
3000091113
3000091130
3000098079
3000098093
3000098549
3000098932
3000098985
3000101175
3000101273
3000100857
3000101252
3000102062
3000091107
3000091137
3000098573
3000098575
3000098581
3000098983
3000098990
3000100431
3000101251
3000101245
3000101508
3000058071
3000098604
3000098596
3000098610
3000098945
3000099033
3000098986
3000101262
3000102544
3000058130
3000058133
3000091441
3000098960
3000098084
3000098096
3000098626
3000098987
3000099063
3000099011
3000101320
3000101079
3000057831
3000057862
3000098114
3000098121
3000098642
3000099017
3000101415
3000101603
3000057150
3000057884
3000091445
3000098187
3000098650
3000098652
3000098654
3000101453
3000101809
3000091133
3000091593
3000098210
3000098219
3000098197
3000099059
3000099066
3000100486
3000057173
3000058070
3000091609
3000091635
3000091641
3000098223
3000098229
3000098242
3000098692
3000098706
3000102013
3000102016
3000058124
3000059224
3000090442
3000091631
3000091675
3000098695
3000098747
3000102028
2000010048
2000009972
