*************** Registros *********************
Total Registros: 18579
Total Alterados: 16533
Total ALterados para Inativos: 343
Total P/ Analise: 1703

3000090547
3000057883
3000057884
3000057850
3000057134
3000057833
3000057882
3000057890
3000058109
3000057182
3000057190
3000058082
3000058083
3000057173
3000057865
3000057888
3000057187
3000057184
3000058073
3000058069
3000056907
3000056927
3000057129
3000057842
3000041898
3000041918
3000042067
3000042409
3000041850
3000041865
3000042496
3000041777
3000057171
3000057140
3000057877
3000057879
3000056925
3000058610
3000058598
3000057894
3000057180
3000041867
3000042060
3000042388
3000041864
3000041931
3000041870
3000042523
3000041954
3000041866
3000041769
3000041766
3000041773
3000042235
3000042845
3000041755
3000041729
3000041740
3000041744
3000042257
3000041899
3000041929
3000041919
3000041856
3000042240
3000042063
3000041889
3000041907
3000042229
3000041911
3000041927
3000041937
3000042239
3000042262
3000042399
3000042647
3000041922
3000041958
3000041926
3000041897
3000041894
3000041892
3000042268
3000041896
3000041948
3000042272
3000042384
3000041655
3000042021
3000042284
3000042287
3000042527
3000042846
3000041924
3000041992
3000041645
3000041727
3000041665
3000041957
3000042276
3000042231
3000041739
3000041662
3000041980
3000042234
3000042304
3000042270
3000041872
3000041890
3000041772
3000042407
3000042958
3000041871
3000041764
3000041875
3000041887
3000042295
3000042243
3000041923
3000041901
3000042385
3000041915
3000042035
3000042277
3000042387
3000041736
3000041737
3000041746
3000042959
3000041908
3000041930
3000042401
3000042019
3000041947
3000042311
3000041969
3000041991
3000042291
3000042312
3000041663
3000042236
3000042289
3000042009
3000041973
3000041993
3000041654
3000041774
3000041906
3000041970
3000041651
3000042007
3000042053
3000042403
3000042404
3000057175
3000057189
3000057889
3000057846
3000057836
3000058079
3000058084
3000058119
3000056465
3000058118
3000042059
3000042057
3000042047
3000042036
3000041646
3000042383
3000058121
3000057450
3000056890
3000056923
3000041656
3000041763
3000042306
3000041750
3000041770
3000041743
3000041863
3000042281
3000042282
3000042968
3000041751
3000041846
3000042044
3000042074
3000042071
3000042839
3000042648
3000042034
3000057142
3000057829
3000058606
3000056941
3000057848
3000057858
3000057872
3000057867
3000041722
3000042033
3000042264
3000042242
3000041886
3000041893
3000041880
3000042247
3000042303
3000042315
3000042062
3000042064
3000042049
3000042254
3000042843
3000041730
3000041741
3000042271
3000042273
3000042664
3000042663
3000057399
3000058125
3000058131
3000057192
3000058074
3000056500
3000057394
3000041759
3000041731
3000041848
3000042253
3000042280
3000042269
3000042405
3000042778
3000041857
3000042006
3000042039
3000042389
3000042400
3000042292
3000041771
3000041842
3000041775
3000042072
3000042081
3000042042
3000042397
3000042310
3000042301
3000058132
3000057401
3000058128
3000056877
3000056905
3000057418
3000056922
3000058116
3000058134
3000056475
3000058113
3000058076
3000057892
3000057162
3000058114
3000057405
3000057388
3000057397
3000058078
3000056887
3000049896
3000041844
3000041768
3000041742
3000042046
3000042052
3000042307
3000041895
3000041861
3000042083
3000042079
3000042069
3000056919
3000056931
3000056883
3000058604
3000056909
3000057413
3000057414
3000056897
3000057451
3000058124
3000042646
3000042969
3000041883
3000041860
3000042100
3000042413
3000042391
3000041869
3000056466
3000057831
3000057840
3000057854
3000058070
3000057852
3000056881
3000058599
3000058601
3000058611
3000057415
3000058130
3000056880
3000056876
3000058608
3000056885
3000056878
3000056917
3000041644
3000041652
3000041661
3000041942
3000041951
3000041971
3000058603
3000058609
3000041910
3000041920
3000041925
3000041660
3000041728
3000041721
3000042008
3000042032
3000057157
3000057875
3000042020
3000042045
3000057166
3000057170
3000057895
3000041732
3000041748
3000041745
3000042037
3000056474
3000057194
3000057870
3000041756
3000041749
3000042070
3000042265
3000042309
3000042290
3000042840
3000058120
3000042260
3000042382
3000057395
3000058126
3000042288
3000042414
3000054474
3000056889
3000042302
3000056902
3000056910
3000042390
3000058602
3000042497
3000058613
3000041882
3000057880
3000057893
3000041905
3000041900
3000057168
3000057181
3000042249
3000058075
3000092454
3000092450
3000098951
3000098930
3000098952
3000101339
3000101284
3000101844
3000098087
3000098083
3000098692
3000098702
3000098595
3000098600
3000098613
3000099068
3000090659
3000090664
3000090677
3000091440
3000092462
3000091041
3000091591
3000091677
3000091625
3000098242
3000098237
3000098236
3000098583
3000098590
3000098599
3000101222
3000101239
3000101189
3000102020
3000090684
3000090696
3000090705
3000091092
3000091086
3000091646
3000091653
3000090668
3000090649
3000090655
3000091670
3000092461
3000098698
3000098691
3000098696
3000098955
3000098963
3000098991
3000101510
3000101494
3000101870
3000098729
3000098124
3000098720
3000098069
3000098625
3000090681
3000090694
3000059717
3000059722
3000059227
3000059233
3000090377
3000090695
3000091115
3000091095
3000091093
3000091436
3000091430
3000091590
3000091663
3000091672
3000092459
3000090406
3000091641
3000091661
3000101826
3000101603
3000099004
3000099014
3000098931
3000098940
3000098948
3000090673
3000090691
3000091613
3000091697
3000098718
3000098706
3000098716
3000098973
3000098989
3000099012
3000101509
3000101506
3000101479
3000098756
3000098752
3000098070
3000098084
3000098652
3000059240
3000090392
3000090389
3000090421
3000090703
3000091132
3000091111
3000091442
3000091443
3000091675
3000091682
3000092451
3000092452
3000092460
3000101305
3000101799
3000098227
3000098241
3000098719
3000098734
3000098742
3000101197
3000101120
3000090359
3000091100
3000091133
3000091618
3000090537
3000090542
3000090539
3000091037
3000091046
3000098618
3000098598
3000098612
3000101261
3000101310
3000101159
3000092133
3000090698
3000091633
3000098739
3000098728
3000098727
3000098999
3000101199
3000101247
3000091783
3000091693
3000092329
3000098754
3000098764
3000101632
3000098746
3000098750
3000098759
3000101233
3000101260
3000091051
3000090540
3000090555
3000090564
3000091676
3000098926
3000098624
3000098630
3000101278
3000101280
3000098202
3000098212
3000098104
3000098108
3000098119
3000098693
3000098700
3000100928
3000091094
3000091119
3000091458
3000091586
3000091600
3000091655
3000092120
3000098117
3000098201
3000098210
3000098220
3000098761
3000098701
3000098717
3000098732
3000098744
3000098110
3000101570
3000101297
3000101800
3000098191
3000098199
3000090358
3000059681
3000059683
3000090575
3000090565
3000090574
3000091080
3000091117
3000091109
3000059283
3000059284
3000059291
3000059671
3000098743
3000098748
3000099065
3000101474
3000101454
3000101281
3000101282
3000090576
3000091123
3000091130
3000091122
3000098079
3000098078
3000098959
3000098945
3000098943
3000100297
3000092453
3000091585
3000091595
3000091608
3000092132
3000091453
3000098942
3000098645
3000098643
3000098649
3000098941
3000100432
3000101488
3000101869
3000101140
3000101179
3000090656
3000090651
3000091127
3000098088
3000098969
3000098679
3000098695
3000098946
3000098953
3000092448
3000098582
3000098554
3000098559
3000098594
3000098621
3000098207
3000098216
3000098224
3000090373
3000090372
3000090361
3000091689
3000091635
3000098189
3000098206
3000090356
3000091432
3000098552
3000098555
3000101063
3000101589
3000059711
3000101230
3000090657
3000090675
3000098109
3000098105
3000098708
3000098699
3000098703
3000098982
3000098968
3000101486
3000098081
3000098082
3000098204
3000098106
3000098111
3000098197
3000098221
3000098962
3000098957
3000098996
3000098980
3000099006
3000101718
3000101821
3000101831
3000098927
3000098231
3000098238
3000090408
3000090407
3000090419
3000091647
3000091652
3000098222
3000098230
3000090365
3000090385
3000091039
3000091038
3000091447
3000090683
3000090687
3000098114
3000098121
3000098978
3000098723
3000098725
3000098970
3000098975
3000098564
3000098566
3000098576
3000100919
3000098549
3000098556
3000098572
3000098939
3000098965
3000090431
3000090422
3000090432
3000091076
3000091681
3000090360
3000090370
3000090374
3000059680
3000090701
3000092122
3000098745
3000098740
3000099001
3000098984
3000098994
3000101860
3000098077
3000098086
3000098187
3000098229
3000098240
3000098115
3000098089
3000099032
3000098964
3000098967
3000098972
3000099017
3000099030
3000091108
3000091609
3000098579
3000098586
3000098588
3000100922
3000098580
3000098592
3000098597
3000098960
3000098985
3000098992
3000101180
3000090418
3000090415
3000091082
3000091690
3000059724
3000059234
3000059224
3000098758
3000098753
3000098749
3000098995
3000099021
3000099005
3000101830
3000101112
3000101861
3000092328
3000092632
3000090401
3000090413
3000090420
3000091112
3000091096
3000091121
3000091626
3000091639
3000092464
3000098596
3000098601
3000101201
3000101149
3000101330
3000101824
3000098998
3000098988
3000098997
3000090433
3000059281
3000059272
3000108123
3000098763
3000099007
3000099010
3000099016
3000101298
3000101207
3000091612
3000091614
3000090554
3000101879
3000101884
3000101165
3000101279
3000092119
3000098629
3000090366
3000092331
3000099018
3000099027
3000099022
3000101302
3000101186
3000101825
3000101812
3000101843
3000090568
3000090570
3000090577
3000098614
3000098619
3000101216
3000101290
3000101249
3000101795
3000101857
3000098606
3000099060
3000098977
3000098986
3000098971
3000090550
3000090563
3000090538
3000090549
3000090416
3000098185
3000098186
3000101245
3000101206
3000102014
3000104059
3000090578
3000092457
3000098632
3000098641
3000101226
3000101823
3000101817
3000098617
3000098631
3000099064
3000098551
3000099000
3000099009
3000099015
3000090571
3000090579
3000091134
3000090558
3000090561
3000090572
3000090391
3000090376
3000098196
3000098193
3000098194
3000100866
3000101505
3000101855
3000098563
3000098203
3000098213
3000098219
3000098550
3000098553
3000090653
3000098944
3000098648
3000098929
3000098938
3000101837
3000101177
3000101885
3000101888
3000101881
3000101797
3000098650
3000098663
3000098589
3000098567
3000098575
3000099031
3000099020
3000101345
3000101141
3000101182
3000101192
3000101274
3000091637
3000091654
3000098232
3000098217
3000098226
3000098568
3000098570
3000098584
3000099056
3000099061
3000101210
3000101499
3000090654
3000090661
3000090665
3000091078
3000091045
3000091101
3000091624
3000091632
3000091784
3000090671
3000090674
3000090690
3000091110
3000091081
3000091636
3000058618
3000058620
3000090652
3000090672
3000090689
3000091438
3000091450
3000091460
3000091605
3000091695
3000059223
3000059229
3000059241
3000058650
3000064371
3000059268
3000059288
3000091456
3000091598
3000091604
3000091628
3000091638
3000091640
3000058651
3000058665
3000059231
3000059230
3000059243
3000059232
3000059236
3000059225
3000091429
3000091437
3000091621
3000091630
3000091645
3000091658
3000091439
3000091445
3000091651
3000091660
3000091673
3000059237
3000059269
3000059285
3000059270
3000059273
3000059280
3000090434
3000090573
3000091657
3000091599
3000091603
3000091674
3000091700
3000091126
3000091137
3000091125
3000090559
3000058615
3000059686
3000059682
3000059708
3000058623
3000058627
3000059710
3000059707
3000058666
3000059678
3000059684
3000059716
3000059718
3000059720
3000112563
3000112754
3000109164
3000109221
3000109036
3000110543
3000110588
3000109364
3000111523
3000110206
3000108905
3000112757
3000108911
3000109263
3000109218
3000110221
3000110233
3000112598
3000112496
3000112531
3000112545
3000112708
3000109233
3000109100
3000109242
3000110924
3000109004
3000112541
3000108958
3000109159
3000109083
3000112524
3000112561
3000116232
3000108979
3000109137
3000109339
3000109051
3000108968
3000112613
3000112603
3000116107
3000108936
3000109160
3000109346
3000109122
3000109239
3000112314
3000112425
3000112310
3000108978
3000109750
3000110573
3000111515
3000110594
3000112625
3000109050
3000112526
3000110207
3000112497
3000112522
3000112412
3000101846
3000109098
3000109257
3000111505
3000101882
3000109107
3000109371
3000109245
3000110579
3000108985
3000111525
3000108914
3000110585
3000112276
3000116111
3000109231
3000109354
3000109023
3000109041
3000109198
3000109342
3000110563
3000112021
3000110869
3000112282
3000115923
3000108903
3000108916
3000109379
3000109013
3000110223
3000109762
3000109216
3000112259
3000112747
3000112595
3000108912
3000109761
3000111510
3000112304
3000103030
3000101491
3000101437
3000101340
3000101883
3000101473
3000101493
3000101285
3000101306
3000101295
3000101490
3000101495
3000104366
3000101091
3000101173
3000101193
3000101349
3000103032
3000100934
3000101176
3000101511
3000101219
3000101183
3000101235
3000101716
3000101273
3000101269
3000101293
3000101332
3000101160
3000101187
3000101845
3000101223
3000101350
3000101834
3000101724
3000101856
3000101243
3000101833
3000101253
3000101889
3000102740
3000101878
3000101268
3000101316
3000101874
3000102021
3000101328
3000101303
3000101262
3000101847
3000101818
3000101497
3000101886
3000112711
3000112615
3000112306
3000102022
3000101853
3000112631
3000116093
3000116102
3000101807
3000112626
3000112539
3000112624
3000104354
3000110566
3000112287
3000101348
3000108987
3000110231
3000109003
3000101811
3000112542
3000101820
3000101854
3000112431
3000112609
3000112588
3000100863
3000110868
3000112466
3000112604
3000101621
3000109087
3000109033
3000108915
3000109353
3000109168
3000109744
3000101195
3000109752
3000109375
3000101161
3000108952
3000112256
3000111531
3000110580
3000112398
3000111982
3000111970
3000109428
3000109226
3000108980
3000112614
3000101858
3000100901
3000102739
3000112532
3000112495
3000101572
3000102015
3000112325
3000112527
3000115922
3000101819
3000109081
3000109219
3000108904
3000110540
3000108994
3000110556
3000111500
3000109156
3000108932
3000109234
3000112519
3000112621
3000111953
3000112418
3000112898
3000109114
3000112434
3000109121
3000101804
3000101593
3000104054
3000112258
3000110575
3000101203
3000101867
3000101835
3000112410
3000112286
3000112265
3000112428
3000101251
3000101309
3000101851
3000103031
3000112536
3000112534
3000108906
3000109169
3000109039
3000108992
3000109010
3000102541
3000109223
3000108913
3000109335
3000109338
3000109411
3000109426
3000110593
3000108997
3000112749
3000112716
3000112722
3000109103
3000110582
3000109254
3000112544
3000101283
3000108995
3000109128
3000109413
3000109135
3000109396
3000101301
3000109235
3000108937
3000108909
3000109030
3000108922
3000108919
3000109336
3000109134
3000110216
3000110210
3000110861
3000109161
3000110864
3000109766
3000109419
3000112520
3000112437
3000104356
3000101813
3000101875
3000109210
3000112401
3000112319
3000112462
3000112502
3000112268
3000109367
3000108934
3000109266
3000109016
3000112249
3000112612
3000112429
3000111964
3000112454
3000109009
3000109132
3000111503
3000112564
3000116096
3000109042
3000109154
3000112441
3000112406
3000112585
3000109031
3000109340
3000109118
3000112619
3000112628
3000112720
3000112580
3000110577
3000112471
3000111962
3000108917
3000109125
3000109084
3000109227
3000110581
3000109774
3000109352
3000111958
3000108946
3000109024
3000112537
3000112298
3000109129
3000109429
3000109250
3000109204
3000101234
3000101852
3000110923
3000112606
3000101184
3000101254
3000101801
3000101877
3000112741
3000112327
3000101808
3000112758
3000112623
3000111498
3000112525
3000112535
3000111546
3000110570
3000112566
3000112424
3000115577
3000101359
3000119837
3000117989
3000119460
3000117204
3000117219
3000117218
3000119461
3000119467
3000117207
3000058616
3000059676
3000112518
3000110539
3000108966
3000109157
3000109431
3000108907
3000109130
3000110591
3000109377
3000112450
3000112011
3000112517
3000112460
3000112719
3000112706
3000116364
3000108998
3000109034
3000109222
3000108939
3000112447
3000109253
3000090414
3000090409
3000091136
3000091449
3000091616
3000091617
3000091622
3000091135
3000091631
3000111518
3000112316
3000112597
3000112528
3000112279
3000109349
3000109093
3000108940
3000112554
3000108926
3000059228
3000058652
3000058657
3000059706
3000059723
3000091433
3000091642
3000091649
3000091650
3000117217
3000117231
3000118845
3000118154
3000118164
3000059244
3000059267
3000058659
3000090531
3000091669
3000091455
3000091662
3000090544
3000091597
3000091667
3000091679
3000091691
3000116579
3000119648
3000117679
3000116576
3000116585
3000119647
3000119641
3000119650
3000090552
3000090530
3000110583
3000109054
3000108973
3000111504
3000109120
3000112283
3000111507
3000108969
3000110598
3000109220
3000110229
3000117680
3000116596
3000117673
3000118541
3000118545
3000118567
3000119063
3000059278
3000059675
3000059685
3000112512
3000112707
3000112551
3000112514
3000109259
3000109334
3000111530
3000108935
3000110219
3000112543
3000112618
3000109211
3000119404
3000119411
3000119409
3000111986
3000112608
3000112253
3000109433
3000109025
3000109366
3000119065
3000119828
3000118158
3000117212
3000117220
3000117227
3000058617
3000058625
3000058622
3000059266
3000059279
3000059287
3000111973
3000109202
3000111967
3000112469
3000112510
3000109241
3000109247
3000109037
3000108984
3000112018
3000112505
3000112504
3000112548
3000116092
3000116359
3000117236
3000058619
3000108963
3000110922
3000110921
3000112555
3000108923
3000109246
3000109057
3000112427
3000112568
3000112574
3000112703
3000119410
3000119643
3000119649
3000116578
3000116588
3000119414
3000058655
3000116099
3000102018
3000108967
3000109108
3000109158
3000108104
3000110217
3000110928
3000111969
3000112464
3000112459
3000112610
3000112590
3000112013
3000109048
3000109029
3000108990
3000109117
3000109260
3000111506
3000112416
3000112284
3000117667
3000119459
3000117675
3000119829
3000112584
3000116098
3000116103
3000116100
3000109136
3000109372
3000109738
3000112499
3000112458
3000112302
3000112432
3000112467
3000108920
3000109197
3000109408
3000119823
3000117817
3000118836
3000119639
3000119637
3000111984
3000111542
3000112714
3000116355
3000109008
3000109224
3000109759
3000109424
3000109401
3000108918
3000109123
3000112417
3000108954
3000111511
3000110558
3000112521
3000110863
3000119834
3000119056
3000119077
3000119832
3000117213
3000117222
3000117240
3000118159
3000208585
3000118152
3000118151
3000118162
3000118160
3000117811
3000119640
3000119836
3000119824
3000119830
3000119835
3000119831
3000208586
3000208600
3000118309
3000116582
3000119062
3000119071
3000119465
3000119463
3000116590
3000117665
3000117671
3000119073
3000117677
3000117674
3000208578
3000118295
3000118538
3000118546
3000119458
3000119408
3000117620
3000118534
3000208602
3000208597
3000118291
3000116592
3000117668
3000117670
3000119466
3000119826
3000117226
3000117228
3000208588
3000117214
3000117216
3000117815
3000118826
3000117235
3000118156
3000208599
3000119638
3000119644
3000119407
3000119413
3000059279
3000109350
3000112754
2000008018
2000010048
3000109040
3000112755
3000112753
2000007623
2000009305
