*************** Registros *********************
Total Registros: 15580
Total Alterados: 14007
Total ALterados para Inativos: 408
Total P/ Analise: 1165

3000203858
3000109333
3000059243
3000059268
3000059263
3000100487
3000090563
3000091673
3000100901
3000101091
3000102054
3000100929
3000101142
3000042284
3000059272
3000101205
3000100854
3000101197
3000101199
3000101798
3000101827
3000101844
3000104356
3000101170
3000100928
3000101172
3000101182
3000101194
3000101796
3000090675
3000058618
3000041747
3000100486
3000100877
3000101214
3000101224
3000101249
3000101811
3000101843
3000101070
3000101474
3000101488
3000101483
3000042074
3000058623
3000058654
3000101858
3000102543
3000101507
3000101087
3000101476
3000101491
3000058656
3000090386
3000090408
3000109399
3000109411
3000109413
3000042060
3000042046
3000042229
3000090547
3000090655
3000090661
3000100922
3000101309
3000101243
3000101292
3000042045
3000101065
3000112507
3000112518
3000112524
3000042411
3000101063
3000101291
3000101462
3000090565
3000101213
3000101226
3000101241
3000101882
3000108952
3000109024
3000112900
3000042077
3000041743
3000042379
3000101203
3000101201
3000101232
3000101853
3000102739
3000101079
3000101499
3000101861
3000059236
3000059284
3000101819
3000101866
3000101834
3000101202
3000101155
3000101177
3000101178
3000101191
3000101258
3000101321
3000101328
3000101359
3000101454
3000101496
3000101501
3000091668
3000091658
3000091109
3000091135
3000091094
3000059710
3000059683
3000091429
3000091439
3000091623
3000091637
3000059234
3000091043
3000091079
3000091124
3000102740
3000101184
3000101195
3000101256
3000101219
3000101254
3000101227
3000059277
3000059289
3000091677
3000091460
3000101471
3000101473
3000101493
3000101502
3000101510
3000103032
3000090372
3000059672
3000059676
3000101274
3000101324
3000102013
3000101117
3000101575
3000090420
3000092122
3000098621
3000098623
3000098617
3000098707
3000098697
3000098746
3000098934
3000098948
3000098985
3000092329
3000090391
3000090413
3000098991
3000099004
3000101826
3000101803
3000101821
3000058659
3000101588
3000090549
3000090555
3000092464
3000098077
3000101889
3000101884
3000090705
3000090658
3000098081
3000090668
3000098192
3000098214
3000098232
3000042304
3000059711
3000059721
3000090357
3000090382
3000101151
3000101141
3000101198
3000101187
3000101188
3000101806
3000104051
3000059707
3000059719
3000091103
3000091134
3000102541
3000091121
3000098580
3000090669
3000090537
3000090557
3000101237
3000101348
3000101251
3000098552
3000057187
3000058603
3000058608
3000057873
3000057887
3000057893
3000057403
3000057405
3000057409
3000058077
3000058072
3000057858
3000058610
3000057888
3000057883
3000056905
3000056925
3000091605
3000109205
3000109223
3000111544
3000111538
3000119827
3000117226
3000117232
3000118535
3000117210
3000117221
3000117816
3000117820
3000119409
3000111966
3000112716
3000091638
3000091647
3000091667
3000119830
3000117207
3000117228
3000119837
3000119648
3000119067
3000117811
3000117819
3000109253
3000109231
3000109236
3000112718
3000119060
3000119078
3000119643
3000118306
3000118544
3000118152
3000117672
3000090415
3000090371
3000090435
3000091670
3000109238
3000109248
3000112708
3000101154
3000101149
3000101161
3000101171
3000101164
3000101174
3000101712
3000058117
3000058120
3000056890
3000100428
3000091616
3000101185
3000101183
3000057168
3000058123
3000058131
3000057413
3000058129
3000058125
3000058132
3000056910
3000056876
3000056886
3000057395
3000058070
3000058114
3000058083
3000057394
3000100857
3000091695
3000091641
3000112527
3000112528
3000112546
3000057140
3000057829
3000057854
3000057856
3000057865
3000058113
3000058118
3000058130
3000056907
3000056922
3000056941
3000057182
3000057164
3000057852
3000057860
3000057889
3000057886
3000056500
3000090434
3000090554
3000108916
3000109040
3000109428
3000056885
3000056895
3000057850
3000057880
3000056931
3000057894
3000057892
3000058598
3000058606
3000058607
3000057390
3000057401
3000057175
3000057157
3000057836
3000056879
3000056917
3000112548
3000112551
3000112556
3000090688
3000118290
3000118280
3000118298
3000117821
3000118304
3000118835
3000118157
3000116337
3000118847
3000118530
3000109013
3000109020
3000090561
3000110871
3000112564
3000112567
3000112579
3000119056
3000117213
3000117239
3000119458
3000119407
3000117824
3000119641
3000119649
3000119832
3000117204
3000117229
3000091051
3000090542
3000112581
3000112588
3000112587
3000109258
3000119064
3000117676
3000118838
3000109266
3000110867
3000112287
3000091045
3000091098
3000109094
3000109115
3000109132
3000112593
3000112603
3000109162
3000057416
3000057180
3000058073
3000058074
3000057835
3000057170
3000058084
3000058085
3000058111
3000057862
3000057872
3000057884
3000057192
3000058115
3000058134
3000118540
3000118546
3000119074
3000109344
3000109357
3000109374
3000112302
3000109393
3000109408
3000119635
3000110208
3000110214
3000111967
3000112406
3000112427
3000110225
3000112450
3000112459
3000112605
3000109134
3000109156
3000112509
3000112523
3000112533
3000112553
3000112555
3000119075
3000117234
3000112572
3000112583
3000112591
3000108965
3000108939
3000108996
3000112598
3000112623
3000112627
3000117227
3000110540
3000110553
3000110575
3000110581
3000110923
3000110925
3000112249
3000112271
3000112606
3000112625
3000112626
3000108998
3000108903
3000109002
3000110547
3000110559
3000109017
3000109107
3000110590
3000111514
3000111517
3000111534
3000112721
3000117810
3000117823
3000109118
3000109091
3000109169
3000112744
3000119828
3000116100
3000109154
3000112752
3000091115
3000109157
3000110593
3000110585
3000110587
3000111531
3000111508
3000111507
3000112284
3000109200
3000109207
3000109215
3000112896
3000118295
3000109229
3000109225
3000118274
3000117675
3000118153
3000118164
3000119651
3000091440
3000109203
3000111961
3000111519
3000111521
3000112310
3000118534
3000118302
3000118309
3000118836
3000119647
3000117219
3000117233
3000119642
3000058128
3000058124
3000056893
3000056877
3000119638
3000119834
3000119640
3000059230
3000059718
3000109219
3000109260
3000111512
3000112327
3000112404
3000112418
3000112434
3000100484
3000116102
3000059267
3000059279
3000059228
3000058614
3000059264
3000058665
3000059285
3000058611
3000058615
3000058625
3000109348
3000109369
3000111499
3000111516
3000112021
3000112573
3000112577
3000112590
3000059225
3000112576
3000112578
3000112597
3000112611
3000112629
3000112741
3000058619
3000058657
3000059673
3000059679
3000059681
3000058651
3000059684
3000059240
3000059269
3000059281
3000112584
3000112589
3000112592
3000112740
3000108922
3000108934
3000109748
3000116794
3000112497
3000112510
3000112516
3000112602
3000112612
3000112616
3000112898
3000109221
3000109216
3000109240
3000109011
3000112522
3000112525
3000112530
3000112613
3000112624
3000112633
3000112751
3000112755
3000112753
3000058613
3000109239
3000110229
3000115924
3000109130
3000109126
3000109342
3000109373
3000109208
3000109224
3000112013
3000059292
3000112711
3000112742
3000112253
3000108988
3000109033
3000109043
3000112463
3000112494
3000059677
3000112259
3000112282
3000112306
3000112325
3000109081
3000109119
3000109245
3000109256
3000109738
3000110210
3000110551
3000110864
3000110868
3000112515
3000112517
3000112538
3000100902
3000108929
3000059716
3000116347
3000116364
3000109340
3000109744
3000109764
3000110227
3000110579
3000110583
3000112293
3000112304
3000112495
3000112401
3000112632
3000112706
3000109135
3000108983
3000108936
3000109027
3000112549
3000112559
3000116334
3000116355
3000116339
3000116576
3000116585
3000116594
3000116596
3000116588
3000109371
3000109398
3000112749
3000112719
3000112746
3000115922
3000110223
3000112435
3000116096
3000116329
3000116362
3000059233
3000059244
3000109334
3000109343
3000109762
3000112460
3000112468
3000112756
3000117231
3000117205
3000109165
3000109431
3000111510
3000111524
3000111542
3000111952
3000109404
3000112539
3000112535
3000112557
3000112899
3000108909
3000108902
3000108914
3000109352
3000109353
3000109365
3000112503
3000109206
3000109226
3000119826
3000090358
3000108950
3000108927
3000108938
3000109370
3000109341
3000111504
3000111540
3000111965
3000111977
3000112321
3000100297
3000100431
3000059720
3000059287
3000059235
3000059239
3000111980
3000112439
3000112449
3000112467
3000112560
3000112562
3000112574
3000116097
3000116107
3000119062
3000098998
3000099018
3000099033
3000098762
3000119069
3000119071
3000099065
3000109252
3000109752
3000109759
3000091092
3000100900
3000100934
3000118567
3000116332
3000111969
3000101816
3000102056
3000101112
3000101120
3000109025
3000109053
3000109262
3000109774
3000109750
3000110212
3000111984
3000112011
3000100927
3000101845
3000091125
3000101167
3000118155
3000109054
3000109080
3000109057
3000108901
3000108913
3000108925
3000110216
3000091129
3000101193
3000101280
3000109088
3000109093
3000108963
3000108930
3000108928
3000109336
3000109345
3000110233
3000101281
3000091444
3000109122
3000109105
3000109129
3000115913
3000108924
3000108931
3000109019
3000109350
3000109368
3000109379
3000091432
3000091585
3000091609
3000109137
3000109155
3000111500
3000108967
3000108969
3000108907
3000112275
3000112298
3000091646
3000091690
3000091694
3000090356
3000091455
3000109159
3000109185
3000111513
3000090381
3000090389
3000090653
3000090662
3000090665
3000091665
3000119650
3000098738
3000098754
3000098558
3000098572
3000109210
3000109202
3000109212
3000110533
3000090433
3000103030
3000103031
3000098625
3000098610
3000098616
3000109234
3000109249
3000118147
3000109235
3000110558
3000110563
3000090700
3000090699
3000101824
3000117666
3000098651
3000118161
3000110591
3000110926
3000090683
3000091107
3000091111
3000090573
3000090677
3000098941
3000098971
3000098690
3000098747
3000098993
3000099017
3000099061
3000091117
3000091037
3000119468
3000119461
3000101856
3000110592
3000110594
3000091102
3000091105
3000101453
3000101475
3000101481
3000101512
3000101593
3000092461
3000208583
3000101456
3000119054
3000119066
3000116601
3000100107
3000101480
3000101503
3000101871
3000101842
3000116800
3000101534
3000101603
3000101867
3000101633
3000119413
3000102057
3000100430
3000104058
3000117211
3000117236
3000090387
3000117667
3000115919
3000117992
3000118160
3000101252
3000101339
3000101437
3000098221
3000098235
3000098678
3000098965
3000098984
3000098973
3000091621
3000091619
3000090532
3000090676
3000091676
3000208574
3000090407
3000090401
3000091598
3000091642
3000098930
3000090419
3000090432
3000091597
3000098087
3000098084
3000098943
3000098972
3000098975
3000118845
3000098186
3000101436
3000090530
3000090533
3000090544
3000091039
3000098200
3000098228
3000098237
3000090564
3000091042
3000101479
3000117212
3000090574
3000091095
3000101485
3000101506
3000115921
3000098089
3000098112
3000101564
3000090418
3000090373
3000090671
3000090697
3000091104
3000098560
3000101611
3000091126
3000091040
3000091453
3000117224
3000098569
3000098604
3000098643
3000098208
3000101797
3000101832
3000104354
3000117815
3000098654
3000101886
3000090647
3000090656
3000090664
3000091131
3000091436
3000101870
3000101875
3000208601
3000208586
3000090536
3000090541
3000091438
3000098700
3000098731
3000098721
3000090424
3000090359
3000090701
3000090691
3000091613
3000090684
3000090550
3000090696
3000091112
3000090392
3000091628
3000091643
3000098082
3000098557
3000098564
3000098570
3000098732
3000098729
3000098704
3000099001
3000099007
3000099010
3000091123
3000091084
3000098107
3000098583
3000098588
3000098601
3000098728
3000098744
3000091081
3000092458
3000092632
3000091119
3000098113
3000098118
3000098596
3000098598
3000098734
3000098737
3000098716
3000091093
3000092463
3000098116
3000098584
3000098612
3000098629
3000098761
3000098740
3000098717
3000099056
3000098620
3000098591
3000098743
3000098760
3000092121
3000090422
3000090538
3000091590
3000091618
3000098586
3000098631
3000098752
3000098755
3000098933
3000098927
3000091636
3000091595
3000091629
3000090552
3000090670
3000090695
3000098641
3000098753
3000098932
3000098937
3000098939
3000091654
3000091656
3000091681
3000098191
3000098649
3000091601
3000091631
3000098220
3000098216
3000098188
3000098757
3000091688
3000098205
3000098196
3000098645
3000098940
3000098958
3000091448
3000098193
3000098203
3000098223
3000098650
3000098953
3000098969
3000091684
3000091682
3000090376
3000092459
3000098070
3000098230
3000098212
3000098225
3000098653
3000098692
3000098698
3000098959
3000098960
3000098979
3000091600
3000101887
3000090556
3000090571
3000090567
3000091116
3000091447
3000091451
3000098074
3000098226
3000098242
3000098702
3000098989
3000098974
3000098994
3000091651
3000091664
3000091697
3000090681
3000091783
3000098553
3000098549
3000098701
3000098708
3000098981
3000099000
3000099002
3000090361
3000091784
3000098573
3000098579
3000098562
3000098725
3000098719
3000098988
3000099005
3000099013
3000090578
3000092331
3000092451
3000091085
3000091122
3000059279
3000112753
3000112755
3000112754
3000041656
3000041875
3000091133
3000098970
3000098966
3000098968
3000208581
